dataset IDTW Inf IP ISD LCSS LLR_DLS LLR_LK LNP MAN MIN MPdist NCD NP P PACF PC2 PDC PIC SAX SDTW shapeDTWHOG1D shapeDTWRawSub STS TAM TDCDTW TDHDTW TDSDTW TQ
ACSF1 66.0 67.0 35.0 37.0 83.0 29.0 29.0 52.0 16.0 56.0 29.0 58.0 36.0 36.0 34.0 46.0 16.0 44.0 95.0 29.0 27.0 26.0 46.0 67.0 34.0 38.0 34.0 79.0
Adiac 64.2 38.4 44.0 76.2 97.2 62.9 62.9 68.5 40.2 38.1 35.8 92.8 50.9 50.9 45.5 38.9 90.3 83.6 97.4 38.9 26.9 33.5 41.9 39.6 38.6 37.6 38.4 76.2
AllGestureWiimoteX 47.7 63.3 59.1 67.7 35.0 67.6 67.6 76.4 45.1 51.4 35.3 84.9 54.6 54.6 74.6 48.4 81.1 82.9 69.3 45.7 30.1 25.7 69.9 70.9 28.4 28.4 26.3 64.0
AllGestureWiimoteY 46.0 56.7 57.3 69.3 30.4 68.7 68.7 79.3 41.6 46.3 29.3 79.7 49.4 49.4 70.7 43.1 85.7 83.4 70.7 41.7 26.5 23.9 70.4 72.3 25.7 25.9 26.1 59.1
AllGestureWiimoteZ 52.4 69.1 55.0 68.9 42.9 68.7 68.7 78.9 51.7 57.9 44.3 84.0 49.7 49.7 66.0 54.6 84.0 78.6 70.4 48.4 30.0 35.3 78.0 70.7 32.3 35.7 34.1 70.0
ArrowHead 38.3 17.7 21.1 41.1 57.7 36.6 36.6 35.4 20.6 18.9 20.0 65.7 23.4 23.4 41.1 20.0 51.4 57.7 48.6 24.0 17.7 19.4 40.6 26.3 21.7 26.3 18.3 43.4
Beef 50.0 30.0 53.3 63.3 66.7 60.0 60.0 33.3 36.7 33.3 30.0 76.7 56.7 56.7 46.7 33.3 66.7 53.3 70.0 33.3 26.7 40.0 30.0 50.0 36.7 33.3 33.3 56.7
BeetleFly 40.0 35.0 10.0 50.0 35.0 50.0 50.0 25.0 35.0 25.0 35.0 55.0 25.0 25.0 35.0 25.0 65.0 50.0 20.0 40.0 20.0 30.0 35.0 20.0 25.0 30.0 35.0 15.0
BirdChicken 35.0 35.0 15.0 5.0 25.0 15.0 15.0 5.0 40.0 45.0 20.0 40.0 25.0 25.0 45.0 45.0 25.0 40.0 35.0 20.0 5.0 25.0 45.0 30.0 25.0 25.0 25.0 45.0
BME 14.7 24.0 31.3 37.3 11.3 36.7 36.7 48.0 14.7 16.0 12.7 51.3 32.0 32.0 45.3 16.7 62.0 43.3 30.7 15.3 0.0 3.3 25.3 31.3 3.3 2.0 4.0 18.7
Car 41.7 28.3 31.7 41.7 56.7 56.7 56.7 56.7 28.3 26.7 21.7 78.3 45.0 45.0 66.7 26.7 53.3 70.0 60.0 28.3 13.3 11.7 33.3 20.0 26.7 26.7 30.0 35.0
CBF 1.1 57.8 38.0 43.3 4.0 41.8 41.8 51.6 11.1 19.9 4.4 40.7 31.2 31.2 58.8 14.8 60.6 49.9 20.9 5.9 8.0 1.6 66.0 0.8 0.3 0.3 0.3 32.0
Chinatown 4.3 8.2 11.1 19.5 72.5 14.3 14.3 21.0 3.2 5.5 3.8 38.8 15.7 15.7 15.7 4.7 40.2 26.8 44.3 5.5 10.1 3.2 9.9 9.9 5.2 4.1 5.2 47.8
ChlorineConcentration 44.7 34.2 42.3 37.8 61.5 35.1 35.1 28.6 37.3 33.2 34.7 52.6 38.7 38.7 29.4 35.0 37.9 56.5 58.6 35.1 35.5 35.5 27.7 40.7 35.1 35.9 35.0 45.3
CinCECGTorso 43.6 20.3 36.4 11.2 7.1 26.7 26.7 8.6 5.6 12.9 28.3 48.1 18.7 18.7 15.4 10.3 1.4 37.8 31.0 15.4 20.9 24.8 21.4 19.6 20.0 30.4 21.7 30.7
Coffee 14.3 0.0 0.0 17.9 46.4 14.3 14.3 21.4 3.6 0.0 7.1 42.9 7.1 7.1 0.0 0.0 42.9 14.3 46.4 0.0 3.6 3.6 7.1 17.9 0.0 0.0 0.0 32.1
Computers 48.4 46.0 43.2 41.6 47.2 43.6 43.6 33.6 41.2 46.0 41.6 38.0 42.8 42.8 45.2 42.4 33.6 49.6 50.8 45.2 35.6 40.0 48.4 42.4 30.0 33.2 30.0 50.0
CricketX 57.7 66.9 49.7 68.5 28.2 63.8 63.8 69.0 36.9 50.0 35.6 83.8 40.8 40.8 68.5 42.3 87.9 75.4 47.9 36.7 20.8 22.1 85.9 26.4 24.6 22.6 24.6 50.0
CricketY 49.5 61.5 53.8 74.6 29.2 71.0 71.0 76.9 36.7 46.9 34.4 86.2 46.9 46.9 76.7 43.3 86.9 80.0 51.8 43.9 22.6 22.6 83.6 26.9 25.6 24.1 25.6 53.3
CricketZ 55.6 65.1 51.8 65.1 27.9 65.4 65.4 71.0 34.1 45.4 36.4 84.6 38.7 38.7 68.2 41.3 86.7 78.7 46.2 35.6 20.8 20.5 79.5 25.9 22.6 23.1 26.4 48.2
Crop 40.5 32.0 48.3 56.4 62.0 51.9 51.9 46.6 29.2 29.1 28.8 24.5 45.6 45.6 38.1 28.8 72.8 40.5 70.6 32.7 33.8 30.0 29.4 37.2 31.2 32.6 30.6 44.5
DiatomSizeReduction 13.7 3.6 6.5 22.2 69.9 44.4 44.4 25.5 7.2 5.6 9.2 69.9 6.5 6.5 11.8 6.5 34.6 39.2 73.5 6.2 6.9 3.9 11.1 9.2 3.3 3.3 3.3 12.1
DistalPhalanxOutlineAgeGroup 41.0 36.7 37.4 35.3 38.1 31.7 31.7 41.7 32.4 36.7 23.8 57.6 36.0 36.0 44.6 37.4 40.3 38.1 57.6 33.1 29.5 33.8 39.6 32.4 33.1 28.8 30.2 36.0
DistalPhalanxOutlineCorrect 34.8 35.1 29.3 28.6 39.9 33.7 33.7 31.2 25.7 30.1 24.3 42.4 31.5 31.5 29.3 28.3 47.1 39.1 46.7 26.4 24.3 29.0 25.4 30.8 26.4 26.8 26.4 35.9
DistalPhalanxTW 41.7 41.7 44.6 47.5 49.6 44.6 44.6 50.4 37.4 39.6 27.8 73.4 45.3 45.3 46.0 36.7 49.6 43.9 74.1 37.4 41.0 36.7 46.0 45.3 39.6 36.7 40.3 43.2
DodgerLoopDay 50.0 65.0 71.2 81.2 50.0 80.0 80.0 83.8 42.5 48.8 51.2 87.5 51.2 51.2 78.8 45.0 78.8 85.0 58.8 40.0 62.5 40.0 83.8 48.8 42.5 43.8 32.5 58.8
DodgerLoopGame 19.6 15.2 42.0 49.3 11.6 47.1 47.1 47.1 11.6 10.9 22.5 52.2 16.7 16.7 39.9 11.6 52.9 40.6 18.8 9.4 18.1 8.0 49.3 15.2 13.0 10.1 9.4 27.5
DodgerLoopWeekend 7.2 8.7 23.2 46.4 1.4 37.0 37.0 44.9 1.4 2.2 10.1 26.1 8.0 8.0 31.2 1.4 58.7 37.0 3.6 2.2 7.2 2.2 27.5 4.3 2.2 5.1 2.9 2.2
Earthquakes 30.9 38.8 33.1 37.4 31.6 36.0 36.0 28.8 28.8 31.7 26.7 31.7 38.1 38.1 33.1 28.8 30.9 34.5 38.8 30.9 37.4 30.2 69.8 33.8 30.2 28.8 28.1 33.1
ECG200 22.0 13.0 20.0 15.0 12.0 16.0 16.0 19.0 11.0 11.0 14.0 37.0 22.0 22.0 20.0 12.0 38.0 24.0 30.0 8.0 10.0 14.0 15.0 14.0 16.0 20.0 9.0 22.0
ECG5000 10.3 7.9 8.8 11.6 6.6 11.2 11.2 10.2 7.4 7.4 6.9 24.0 8.7 8.7 11.9 7.5 35.4 30.7 11.8 7.8 7.1 7.0 7.7 8.2 7.6 7.6 7.6 10.6
ECGFiveDays 27.3 28.9 3.0 25.6 5.7 17.4 17.4 16.7 21.5 20.7 3.5 50.1 0.1 0.1 22.9 20.3 38.3 31.6 45.6 21.2 5.7 7.9 38.3 22.5 17.0 21.1 19.3 22.6
ElectricDevices 38.6 55.8 46.0 46.3 42.5 45.6 45.5 48.3 43.0 50.8 53.8 38.5 45.6 45.5 46.3 45.1 71.7 53.2 80.5 40.7 36.8 38.8 53.0 47.5 39.3 38.2 38.1 53.2
EOGHorizontalSignal 66.0 70.7 73.8 79.0 60.5 78.2 78.2 77.1 56.4 62.2 53.3 88.1 74.0 74.0 79.0 58.3 92.3 79.0 79.6 61.0 46.4 45.0 72.9 62.4 48.9 47.2 49.2 76.5
EOGVerticalSignal 71.8 66.0 77.3 82.3 52.8 83.7 83.7 82.0 55.0 57.7 52.2 88.7 74.9 74.9 88.4 55.8 88.4 88.4 78.2 59.9 50.3 53.6 80.1 68.5 50.0 51.9 50.5 76.0
EthanolLevel 73.4 72.8 73.8 74.2 74.4 75.6 75.6 67.8 69.6 73.4 46.2 72.6 73.2 73.2 75.0 72.6 75.8 76.8 77.0 72.4 71.4 70.0 69.4 73.8 72.4 71.6 72.8 70.8
FaceAll 24.4 33.8 41.7 55.6 24.4 54.0 54.0 51.4 27.9 23.4 25.9 91.0 33.2 33.2 31.8 28.6 87.5 60.8 45.6 28.9 23.8 21.7 28.5 20.9 19.5 20.3 19.6 31.3
FaceFour 23.9 45.5 40.9 51.1 18.2 52.3 52.3 43.2 15.9 27.3 5.7 65.9 34.1 34.1 55.7 21.6 53.4 69.3 21.6 36.4 9.1 10.2 47.7 14.8 17.1 14.8 17.1 12.5
FacesUCR 15.8 40.9 41.5 51.5 10.0 50.9 50.9 51.4 19.9 26.8 11.3 88.8 22.5 22.5 40.5 23.1 84.6 64.8 37.9 29.8 8.1 3.4 35.5 6.6 8.9 8.3 9.7 25.5
FiftyWords 49.7 47.5 66.6 73.4 31.6 80.7 80.7 71.6 33.2 39.8 30.5 95.4 60.0 60.0 67.5 36.9 90.1 74.5 42.0 42.0 24.2 20.2 48.4 24.6 30.6 29.0 28.6 42.6
Fish 50.3 20.6 28.6 66.3 85.1 70.3 70.3 58.9 20.6 20.0 9.7 84.0 36.6 36.6 45.1 21.7 73.1 75.4 81.7 21.1 5.1 5.1 18.9 13.7 20.0 14.3 17.7 60.0
FordA 39.0 36.4 7.2 3.6 27.6 11.9 11.9 4.6 31.6 33.7 27.7 10.6 17.6 17.6 13.3 33.5 32.4 24.4 36.6 26.1 23.2 27.7 32.0 39.6 24.8 41.7 25.8 35.0
FordB 42.1 43.2 21.0 21.9 35.4 26.9 26.9 29.1 39.9 40.5 34.8 48.9 33.1 33.1 31.9 39.4 41.5 35.8 46.7 37.8 31.7 34.4 41.0 39.9 36.9 39.5 38.8 45.4
FreezerRegularTrain 8.2 27.5 12.0 14.6 39.9 15.7 15.7 27.9 8.9 22.3 3.3 48.2 15.5 15.5 20.2 19.5 48.8 34.8 34.2 18.2 0.1 5.0 31.7 9.5 17.0 3.2 10.1 31.8
FreezerSmallTrain 30.7 30.9 19.8 23.6 33.3 25.1 25.1 39.9 29.7 32.6 2.5 50.7 31.6 31.6 28.4 32.4 47.0 32.8 32.0 32.3 3.1 24.9 40.3 21.5 28.5 18.9 26.4 31.8
Fungi 19.4 26.3 18.3 56.5 16.7 60.8 60.8 60.8 12.9 19.4 88.2 76.3 3.8 3.8 31.7 17.7 93.5 55.9 32.8 20.4 2.1 0.5 27.4 21.0 16.1 16.1 16.1 16.7
GestureMidAirD1 62.3 65.4 63.1 83.8 43.9 81.5 81.5 75.4 46.2 46.9 40.0 90.8 61.5 61.5 67.7 42.3 77.7 86.9 74.6 50.0 30.8 36.1 65.4 43.8 38.5 38.5 36.1 53.1
GestureMidAirD2 60.8 69.2 58.5 80.0 72.3 66.9 66.9 59.2 48.5 54.6 40.8 93.1 59.2 59.2 79.2 50.8 81.5 85.4 77.7 46.1 48.5 40.0 63.8 52.3 43.1 39.2 39.2 75.4
GestureMidAirD3 75.4 78.5 85.4 89.2 63.9 86.2 86.2 87.7 63.1 70.8 66.9 91.5 79.2 79.2 92.3 65.4 82.3 95.4 77.7 70.0 65.4 67.7 71.5 74.6 64.6 65.4 66.9 70.8
GesturePebbleZ1 27.3 79.1 55.8 72.7 12.8 68.0 68.0 80.2 13.4 53.5 9.3 77.9 25.6 25.6 79.7 26.7 62.8 84.9 30.8 17.4 40.7 5.8 83.7 18.6 19.8 11.1 19.2 25.6
GesturePebbleZ2 42.4 84.2 58.9 78.5 16.5 70.9 70.9 83.5 25.3 52.5 15.8 63.3 36.1 36.1 84.2 32.9 70.9 83.5 45.6 28.5 43.7 14.6 84.8 29.1 24.7 20.2 26.6 35.4
GunPoint 9.3 14.7 8.7 22.7 26.7 10.0 10.0 20.0 4.7 12.0 4.7 52.0 10.7 10.7 4.7 8.7 36.0 32.7 33.3 8.0 0.7 1.3 8.7 10.0 6.7 9.3 7.3 19.3
GunPointAgeSpan 7.0 13.6 7.9 12.0 17.4 7.6 7.6 12.3 7.6 11.1 3.2 27.5 10.1 10.1 14.2 10.1 34.8 34.2 15.5 10.8 0.9 2.2 8.9 4.7 7.6 5.7 6.3 15.2
GunPointMaleVersusFemale 8.5 4.7 1.3 14.6 13.6 8.9 8.9 15.2 1.9 3.2 2.2 11.4 1.6 1.6 10.1 2.5 33.2 13.0 11.1 3.5 0.9 0.3 4.7 2.5 0.3 0.3 0.3 5.1
GunPointOldVersusYoung 11.1 13.3 5.7 6.7 26.7 7.0 7.0 6.0 2.9 7.9 6.0 30.2 7.3 7.3 17.1 4.8 14.9 37.1 25.7 5.7 1.3 4.8 12.7 11.4 5.4 4.1 4.4 16.5
Ham 41.9 46.7 48.6 51.4 47.6 53.3 53.3 55.2 48.6 44.8 39.0 45.7 40.0 40.0 54.3 40.0 55.2 45.7 39.0 40.0 45.7 45.7 43.8 42.9 43.8 39.0 46.7 33.3
HandOutlines 18.9 13.2 17.6 37.8 47.0 37.3 37.3 42.2 14.1 14.6 19.7 42.4 18.1 18.1 37.6 13.8 39.2 43.2 39.2 14.1 21.4 12.7 16.2 22.4 13.5 13.5 12.2 13.5
Haptics 68.2 61.0 61.7 74.0 69.2 65.9 65.9 73.7 64.0 61.0 63.3 78.2 65.3 65.3 68.8 63.0 73.1 73.4 68.5 61.0 56.2 57.5 68.5 64.0 59.4 59.1 59.1 62.3
Herring 51.6 50.0 46.9 50.0 40.6 46.9 46.9 57.8 40.6 48.4 40.6 50.0 37.5 37.5 40.6 48.4 51.6 42.2 43.8 43.8 50.0 37.5 51.6 53.1 46.9 39.1 46.9 39.1
HouseTwenty 26.9 54.6 21.0 26.1 10.9 21.8 21.8 17.6 15.1 48.7 27.7 35.3 22.7 22.7 21.0 33.6 31.9 42.0 25.2 18.5 3.4 8.4 58.0 5.0 7.6 7.6 10.1 39.5
InlineSkate 72.2 71.3 66.2 18.0 77.8 64.7 64.7 22.7 64.7 67.5 67.1 82.9 69.8 69.8 52.5 65.8 53.8 66.0 78.7 68.5 62.9 58.7 76.5 64.5 61.6 60.0 61.6 75.3
InsectEPGRegularTrain 28.5 45.8 16.1 10.0 30.5 6.0 6.0 15.3 28.5 34.1 5.2 41.4 31.7 31.7 7.2 32.1 21.7 14.9 39.4 26.9 4.4 12.8 49.4 13.3 12.8 11.2 12.8 35.3
InsectEPGSmallTrain 36.5 45.4 16.9 15.3 32.1 13.3 13.3 16.1 29.7 34.9 5.2 35.7 29.7 29.7 11.2 33.7 30.5 20.9 36.9 38.5 8.0 27.3 51.8 27.3 26.5 26.5 26.5 43.0
InsectWingbeatSound 56.5 46.1 55.9 83.9 42.3 80.2 80.2 79.5 43.1 43.6 49.6 89.2 47.6 47.6 73.9 43.8 86.4 84.7 47.7 54.5 58.4 53.3 49.0 63.1 52.9 59.2 50.5 44.7
ItalyPowerDemand 9.1 5.2 15.9 26.2 20.8 19.0 19.0 25.0 3.8 4.7 3.7 45.5 13.0 13.0 10.9 4.5 34.9 39.1 37.4 5.2 10.3 3.7 2.7 10.1 5.0 5.0 5.0 21.8
LargeKitchenAppliances 42.4 61.9 33.6 43.7 41.1 43.7 43.7 43.7 44.3 56.3 35.7 65.9 26.1 26.1 50.7 50.7 45.9 60.0 60.8 38.9 16.0 18.4 60.0 57.9 20.5 19.7 20.5 57.6
Lightning2 24.6 31.1 24.6 31.1 18.0 37.7 37.7 44.3 18.0 34.4 23.0 37.7 27.9 27.9 36.1 24.6 49.2 47.5 27.9 16.4 11.5 13.1 49.2 26.2 8.2 8.2 9.8 39.3
Lightning7 39.7 54.8 67.1 61.6 42.5 53.4 53.4 63.0 28.8 53.4 34.2 67.1 41.1 41.1 63.0 42.5 79.5 78.1 57.5 27.4 23.3 17.8 68.5 49.3 27.4 27.4 23.3 47.9
Mallat 16.1 12.1 15.2 31.4 45.9 15.9 15.9 25.9 7.5 9.1 11.2 87.2 13.3 13.3 28.7 8.6 40.7 38.7 55.4 8.0 6.2 6.4 14.8 11.7 4.9 6.6 4.7 30.7
Meat 10.0 10.0 5.0 58.3 66.7 53.3 53.3 51.7 6.7 6.7 13.3 60.0 5.0 5.0 28.3 6.7 53.3 31.7 70.0 6.7 10.0 6.7 28.3 11.7 6.7 6.7 6.7 18.3
MedicalImages 36.8 33.4 43.9 39.7 33.4 45.1 45.1 39.7 29.3 32.5 32.6 65.3 43.7 43.7 38.8 31.6 56.7 46.2 53.4 30.8 26.4 25.4 38.9 29.1 25.3 25.3 25.3 48.9
MelbournePedestrian 22.0 19.0 32.2 40.7 76.9 33.7 33.7 36.0 15.1 16.4 15.2 72.4 26.9 26.9 26.3 15.3 79.5 63.1 85.4 17.6 20.9 20.9 18.5 28.8 16.0 19.0 15.7 51.8
MiddlePhalanxOutlineAgeGroup 51.3 41.6 55.2 51.3 42.9 53.2 53.2 46.1 48.1 48.1 25.2 61.0 55.2 55.2 51.3 48.1 59.7 53.2 67.5 51.3 44.8 49.4 46.8 55.8 48.7 50.6 47.4 46.8
MiddlePhalanxOutlineCorrect 29.6 26.8 33.0 39.2 43.0 38.8 38.8 38.8 24.7 25.1 30.2 45.4 30.6 30.6 32.0 23.4 45.4 41.2 48.8 23.0 28.5 23.7 21.6 26.8 25.8 25.8 23.4 44.3
MiddlePhalanxTW 50.0 51.9 53.9 60.4 72.7 57.1 57.1 55.8 44.8 51.3 42.1 80.5 50.0 50.0 50.6 48.7 53.2 59.1 74.0 48.7 48.7 47.4 51.3 51.9 47.4 50.6 48.0 53.9
MixedShapesRegularTrain 23.5 13.8 17.6 17.0 17.5 30.6 30.6 27.8 10.8 10.6 8.6 75.4 27.7 27.7 30.8 10.3 39.5 35.7 19.2 16.4 4.8 12.9 29.9 19.2 11.1 11.7 12.7 19.3
MixedShapesSmallTrain 32.8 20.3 26.6 22.9 17.9 36.8 36.8 30.4 16.9 16.9 13.4 76.1 30.6 30.6 39.1 16.5 45.0 43.1 23.3 27.1 8.6 20.0 39.4 23.4 19.6 18.0 19.0 22.2
MoteStrain 25.2 26.4 45.3 43.3 13.5 43.1 43.1 44.0 13.4 18.4 18.3 41.7 42.1 42.1 42.6 12.1 17.5 46.2 28.5 23.2 11.0 10.1 28.4 11.6 16.5 15.7 16.1 17.2
NonInvasiveFetalECGThorax1 43.7 19.4 24.1 39.3 85.8 40.0 40.0 62.3 19.1 16.9 17.9 95.2 34.8 34.8 30.6 17.1 90.1 60.1 90.5 16.8 21.9 22.3 45.5 27.1 15.5 17.2 16.3 42.0
NonInvasiveFetalECGThorax2 36.3 13.5 18.4 39.7 74.7 49.3 49.3 65.0 12.5 12.2 12.5 96.0 27.8 27.8 21.5 12.0 86.9 57.0 86.6 12.1 14.0 11.0 21.8 23.1 11.6 12.6 12.0 36.0
OliveOil 16.7 16.7 16.7 63.3 83.3 50.0 50.0 63.3 16.7 13.3 10.0 50.0 16.7 16.7 20.0 13.3 50.0 50.0 73.3 13.3 10.0 13.3 16.7 16.7 13.3 16.7 13.3 66.7
OSULeaf 66.1 47.1 35.5 32.2 37.2 34.7 34.7 41.7 45.5 48.3 36.8 74.0 47.5 47.5 47.5 47.9 56.6 66.1 50.0 52.5 13.2 28.9 60.7 24.4 38.0 43.8 40.1 50.4
PhalangesOutlinesCorrect 30.8 27.2 33.0 36.0 36.0 34.7 34.7 32.2 24.8 25.1 28.2 43.7 31.5 31.5 25.9 23.9 45.5 39.7 44.6 23.7 26.1 23.5 21.0 31.0 24.9 27.0 24.2 41.0
Phoneme 83.4 92.9 78.8 77.0 78.2 77.5 77.5 78.1 89.4 91.6 85.3 92.8 87.4 87.4 82.6 89.1 78.5 85.8 96.1 79.4 73.6 76.1 91.6 71.8 75.5 77.7 75.5 94.9
PickupGestureWiimoteZ 38.0 62.0 54.0 66.0 30.0 70.0 70.0 90.0 38.0 52.0 32.0 74.0 36.0 36.0 80.0 44.0 76.0 80.0 60.0 48.0 32.0 28.0 90.0 50.0 30.0 32.0 34.0 58.0
PigAirwayPressure 93.8 94.2 63.0 40.4 91.3 58.7 58.7 43.3 94.7 94.7 13.9 98.1 81.2 81.2 82.2 94.2 65.9 78.8 94.7 91.3 73.1 86.5 97.1 79.3 89.9 90.4 89.9 92.3
PigArtPressure 88.5 88.5 9.1 19.7 74.0 23.1 23.1 15.4 87.0 88.0 0.0 90.4 36.1 36.1 41.8 87.5 40.9 61.1 88.9 96.2 6.2 49.0 92.3 49.5 75.5 72.6 75.5 88.0
PigCVP 92.3 92.8 35.1 33.7 78.4 41.3 41.3 31.7 90.9 91.8 10.6 96.2 35.1 35.1 27.9 91.8 76.4 58.2 90.9 90.4 34.6 58.2 95.2 54.8 85.1 81.7 83.2 92.8
PLAID 42.3 75.6 40.4 46.7 42.6 41.7 41.7 56.2 41.3 51.8 44.9 67.4 35.9 35.9 36.1 46.6 7.8 45.3 66.7 32.2 16.6 24.0 63.7 31.3 16.2 14.9 16.6 52.5
Plane 15.2 3.8 1.9 4.8 19.1 1.0 1.0 5.7 3.8 3.8 1.0 73.3 3.8 3.8 2.9 3.8 50.5 1.9 19.0 3.8 0.0 0.0 2.9 0.0 0.0 0.0 0.0 4.8
PowerCons 14.4 17.8 26.1 17.8 13.9 18.3 18.3 35.6 6.1 12.2 11.1 27.2 22.2 22.2 29.4 6.7 21.7 28.9 12.8 15.0 12.2 11.1 21.7 12.8 11.7 11.7 10.6 17.2
ProximalPhalanxOutlineAgeGroup 23.9 21.0 24.9 22.4 57.1 22.4 22.4 22.4 21.5 19.5 20.5 53.2 22.4 22.4 21.5 21.5 30.2 22.0 54.1 21.5 21.0 23.4 18.0 22.0 21.9 20.5 21.5 32.7
ProximalPhalanxOutlineCorrect 25.4 18.9 25.8 25.4 31.6 21.6 21.6 19.2 21.6 17.2 14.8 30.2 26.8 26.8 15.5 19.2 35.7 30.2 41.9 19.2 20.6 19.2 15.5 27.8 21.6 22.7 21.6 38.8
ProximalPhalanxTW 28.3 32.2 30.7 32.7 99.0 25.9 25.9 36.6 30.7 30.7 28.5 65.4 31.7 31.7 25.4 29.3 34.6 43.9 71.7 29.8 23.4 26.3 24.4 28.3 24.4 24.4 24.4 39.5
RefrigerationDevices 59.7 63.5 53.9 56.5 53.9 60.0 60.0 58.4 54.1 65.9 50.1 67.5 58.4 58.4 61.3 60.5 48.3 58.9 69.1 57.1 50.7 54.9 66.9 52.5 52.8 53.6 50.9 59.5
Rock 54.0 16.0 34.0 44.0 30.0 40.0 40.0 34.0 20.0 16.0 22.0 64.0 44.0 44.0 32.0 16.0 44.0 40.0 18.0 24.0 20.0 24.0 10.0 22.0 24.0 40.0 40.0 44.0
ScreenType 63.5 66.9 54.4 49.6 64.3 46.7 46.7 60.8 64.0 67.5 66.9 63.7 64.8 64.8 62.1 64.0 52.8 60.3 60.5 63.2 52.5 61.1 65.3 64.0 60.3 61.3 61.6 60.3
SemgHandGenderCh2 20.5 30.5 41.2 35.2 53.2 35.2 35.2 42.5 43.0 23.2 23.8 48.0 26.0 26.0 44.0 23.8 49.0 45.8 51.5 24.5 11.3 29.3 58.7 13.8 16.5 13.5 16.5 20.5
SemgHandMovementCh2 43.1 60.7 69.1 69.8 77.1 73.6 73.6 80.7 69.8 55.8 66.0 75.8 49.8 49.8 71.1 63.1 83.3 78.4 69.6 47.8 38.7 68.7 78.0 46.9 36.7 33.3 37.3 54.2
SemgHandSubjectCh2 26.0 46.4 55.8 55.1 67.6 54.2 54.2 74.2 67.3 49.1 59.6 72.7 44.0 44.0 66.0 59.6 81.8 69.1 69.3 30.4 17.1 56.9 77.8 25.8 23.1 14.9 21.6 32.7
ShakeGestureWiimoteZ 38.0 62.0 36.0 58.0 18.0 54.0 54.0 62.0 30.0 42.0 20.0 76.0 32.0 32.0 46.0 40.0 68.0 78.0 62.0 28.0 18.0 12.0 78.0 30.0 14.0 12.0 14.0 46.0
ShapeletSim 47.2 51.7 8.3 9.4 15.6 7.8 7.8 40.6 52.2 50.0 25.0 35.0 27.8 27.8 18.3 46.1 2.8 15.0 46.1 39.4 2.8 32.8 55.0 4.4 30.6 34.4 33.9 38.3
ShapesAll 41.7 28.2 32.3 60.0 47.5 53.3 53.3 66.8 24.0 24.7 21.2 92.8 36.5 36.5 62.0 24.8 68.2 78.7 46.5 31.3 11.2 16.3 47.0 21.8 18.8 21.0 18.7 33.8
SmallKitchenAppliances 36.5 61.1 56.3 51.2 70.1 52.8 52.8 61.3 60.3 67.5 48.5 40.3 60.0 60.0 58.1 65.9 24.3 56.8 69.9 54.7 30.1 36.3 66.4 38.7 34.9 34.4 34.7 45.9
SmoothSubspace 20.0 42.0 67.3 36.4 22.0 36.5 0.0 63.3 4.0 18.7 52.0 60.0 60.7 60.7 50.0 9.3 48.7 57.3 56.0 32.0 22.7 19.3 20.0 8.7 18.0 14.0 17.3 25.3
SonyAIBORobotSurface1 27.1 31.3 22.5 12.1 29.1 17.0 17.0 28.0 31.3 28.8 30.6 43.9 39.4 39.4 31.6 30.4 49.1 27.0 38.3 37.4 19.3 26.1 31.6 23.0 31.6 27.9 27.4 38.8
SonyAIBORobotSurface2 19.7 21.7 12.7 14.0 16.4 12.3 12.3 17.9 13.2 16.1 13.3 42.8 20.7 20.7 23.3 14.1 37.1 16.1 18.6 16.9 17.4 13.6 16.8 17.7 18.1 18.5 16.9 16.9
StarLightCurves 13.8 15.9 7.1 17.4 17.3 22.0 22.0 23.5 14.7 15.3 13.7 34.4 14.6 14.6 20.1 15.1 25.6 54.4 20.0 12.1 5.0 13.2 23.9 25.8 9.6 8.5 9.6 17.9
Strawberry 10.3 8.9 7.3 18.1 35.7 11.6 11.6 15.1 5.1 6.2 5.1 46.5 9.2 9.2 7.8 5.4 33.8 22.2 48.4 5.4 4.6 6.2 4.6 5.1 5.7 5.7 5.4 10.3
SwedishLeaf 45.4 28.8 11.7 27.0 70.9 26.6 26.6 28.0 21.1 22.2 19.0 86.6 22.7 22.7 38.6 21.1 63.7 45.4 74.7 22.6 8.5 12.8 44.2 25.9 12.8 15.0 12.3 44.5
Symbols 17.7 15.0 19.4 38.0 20.7 14.9 14.9 46.7 9.6 10.8 8.4 68.8 10.6 10.6 26.9 10.1 0.0 72.2 33.8 23.1 3.9 3.1 21.5 3.7 5.0 4.1 5.0 22.8
SyntheticControl 3.3 18.7 51.0 33.7 6.0 33.7 33.7 45.0 12.0 12.0 8.3 82.3 36.3 36.3 45.3 12.0 57.0 47.7 25.0 4.3 15.3 7.3 65.3 5.3 0.3 0.7 0.7 15.0
ToeSegmentation1 29.8 41.7 13.2 34.2 23.7 29.8 29.8 38.2 28.1 34.2 10.1 39.0 21.1 21.1 17.5 32.0 39.5 39.9 33.3 28.1 10.1 17.1 41.2 15.8 27.2 21.9 28.9 31.6
ToeSegmentation2 21.5 36.9 12.3 26.2 14.6 30.0 30.0 30.0 14.6 21.5 7.7 30.0 12.3 12.3 23.1 19.2 15.4 48.5 24.6 23.9 13.8 10.0 66.2 9.2 16.1 16.1 14.6 21.5
Trace 26.0 31.0 0.0 0.0 26.0 0.0 0.0 0.0 24.0 23.0 6.0 72.0 16.0 16.0 7.0 24.0 47.0 18.0 60.0 16.0 0.0 1.0 41.0 10.0 0.0 0.0 0.0 48.0
TwoLeadECG 32.1 27.1 7.1 31.0 48.5 23.1 23.1 22.7 26.5 25.6 2.2 19.4 21.2 21.2 27.0 25.3 37.7 36.3 44.2 28.8 0.6 7.8 15.3 8.4 9.6 9.6 9.6 27.5
TwoPatterns 0.0 79.6 54.9 71.1 0.1 66.8 66.8 67.1 3.9 27.1 5.5 74.8 50.0 50.0 71.3 9.3 66.2 73.5 28.9 37.9 0.1 0.0 61.3 0.5 0.0 0.0 0.0 40.4
UMD 17.4 38.2 25.0 27.8 12.5 29.9 29.9 44.4 13.2 25.0 13.2 28.5 31.9 31.9 41.7 23.6 54.9 50.0 41.7 16.7 0.7 4.9 22.2 9.7 0.7 0.7 0.7 27.8
UWaveGestureLibraryAll 10.5 13.3 39.1 71.9 4.0 71.6 71.6 82.0 4.6 5.9 5.1 77.6 30.2 30.2 71.9 5.2 60.8 83.2 5.9 11.0 5.8 4.6 58.5 12.3 5.3 8.3 5.3 6.9
UWaveGestureLibraryX 33.8 29.6 62.9 59.0 32.7 62.9 62.9 71.1 25.9 26.4 30.8 79.2 55.6 55.6 69.2 26.1 0.0 76.1 36.6 31.8 26.3 22.4 39.3 30.1 23.7 23.9 24.9 36.0
UWaveGestureLibraryY 41.7 37.4 68.6 59.0 40.8 60.6 60.6 67.1 33.4 34.2 33.4 82.0 64.5 64.5 66.0 33.8 0.0 73.0 47.6 40.3 35.8 30.9 58.3 39.1 30.7 33.3 31.2 46.0
UWaveGestureLibraryZ 43.4 38.8 0.0 0.0 37.5 0.0 0.0 0.0 35.0 35.1 33.9 81.2 0.0 55.5 0.0 0.0 0.0 0.0 0.0 38.7 33.8 31.4 44.8 34.5 31.6 32.5 33.1 0.0
Wafer 1.6 1.6 2.0 1.9 0.5 1.6 1.6 0.9 0.5 0.7 0.7 0.1 0.7 0.7 0.6 0.5 0.0 7.9 0.6 0.8 1.0 0.8 0.9 1.4 0.8 2.0 0.9 0.5
Wine 50.0 46.3 53.7 57.4 50.0 63.0 63.0 53.7 35.2 44.4 55.6 50.0 35.2 35.2 48.1 38.9 42.6 50.0 53.7 38.9 53.7 38.9 50.0 24.1 42.6 42.6 42.6 46.3
WordSynonyms 53.6 51.4 62.9 72.4 33.1 77.0 77.0 70.8 36.5 41.2 36.8 87.8 62.9 62.9 69.4 38.2 84.3 76.3 47.2 45.0 26.0 24.4 50.5 35.6 28.1 30.4 30.6 47.2
Worms 61.0 53.2 28.6 28.6 49.4 33.8 33.8 31.2 59.7 50.6 60.8 67.5 44.2 44.2 39.0 54.5 0.0 33.8 46.8 52.0 42.9 42.9 57.1 36.4 41.6 49.4 52.0 54.5
WormsTwoClass 44.2 37.7 22.1 23.4 40.3 26.0 26.0 20.8 42.9 32.5 34.3 40.3 32.5 32.5 36.4 39.0 0.0 24.7 33.8 36.4 27.3 33.8 39.0 31.2 39.0 40.3 36.4 37.7
Yoga 23.3 18.7 25.3 33.1 40.4 41.5 41.5 37.5 17.1 17.1 20.5 49.0 24.6 24.6 32.0 17.0 44.4 39.6 37.5 17.7 11.7 13.3 25.1 15.5 17.1 16.2 16.4 23.4